66216486
63226984
60601468
67613291
67203730
63728481
69924355
60234100
68081368
61659061
60491130
68269975
63586338
69778288
61410569
62689634
64866204
65668830
64720167
62580656
69521824
61224073
62944693
63072454
61400411
60812935
63094301
68969066
61519586
65538840
68276457
64346723
64594722
63565244
61665908
63566111
66116589
68971188
67995040
69018901
60863367
69100387
60960624
68538895
60782303
61032482
65925723
62676761
68163833
68269288
64793934
64121235
67212035
61184134
65078623
60807297
62504861
69497177
66053338
68478163
63941426
61722191
68318931
66796142
61223605
62804360
69723039
61651634
63902334
63610522
63398507
62457618
63431715
68178899
60550988
64189720
63178870
66098792
63398083
66477582
63023425
60980979
60290800
69709274
64350928
66819566
69584073
69326767
67299307
60870244
69847791
65728601
64725100
62285549
69184289
66853013
69505147
64755969
68693244
64672103
66349230
65984700
67219535
61447165
60670489
69407386
67243269
65565944
63390930
66085108
67393849
64382274
68770687
64829519
67287098
60059081
60885246
66422290
68066715
66129490
66841235
66670503
65892928
63609769
62013296
63738842
66873350
69198890
69118175
66299813
62450285
66845924
69668703
62098492
60904643
65055507
63136857
62824142
64639548
62684103
63071085
62949690
66150367
66745607
62906109
64539416
63566855
69036504
66617130
65617572
60976557
60160707
67136662
66886839
65348773
66281427
69437098
63400513
68638760
62815360
60443897
64328650
61026006
66221405
66415335
69304991
65338028
67763113
67410088
67951706
68322100
66256370
63036718
62972963
65020253
66771790
66806921
63157698
67119691
63820798
61798869
64914777
62048087
64483490
60399956
61232102
61177257
66958014
65016707
69671845
66003374
69303640
69488210
61009918
60968336
67656848
60080232
68399214
67891013
63463104
62227567
62972842
62390849
69494455
67917629
65061047
61403425
60453197
61237448
64578892
63489259
67676765
66428489
60791099
69441965
62250594
60111471
68172597
64072763
69602023
62887947
61204836
66171354
60443609
68994621
60155329
60683198
60557096
68604982
69047251
63849839
64784789
60891060
61606055
68039248
69700567
68843466
67499717
68602579
63396602
64073783
67619892
61073237
61496251
66159149
68417826
65347714
60186584
62708127
65606743
63016772
65135519
67772596
60850633
67396382
69159834
60875266
65832411
63269291
63206323
60351986
61464022
66592652
60670980
62382724
61778521
66597083
68025857
60830011
63721729
65740799
60462538
67298504
66302120
64432503
60390455
60330586
60747099
68514022
69510055
64245247
61137241
65585384
66051440
67202735
66153192
60639248
65636245
64441025
60627235
67036338
61240145
60647049
66132216
67862887
60445784
62002809
63462194
60905873
66615713
65955054
61938997
65018658
65501475
61703401
68176802
63076709
63458349
66085510
69255195
69448600
68652265
67767535
62113528
61243216
61350360
64392076
66907450
61331730
64699367
66730562
61162294
66157988
63216075
65122219
61777782
65149821
68171068
62013136
66751033
63637409
67745624
61337509
61165486
66176497
62345035
68461089
67720806
63858119
67657448
64255017
67721153
65558647
63897481
67756752
65691327
63179285
66801066
69444281
62186241
69170503
62059557
64124103
69618515
69415237
65471103
68820460
62237643
67707794
60534076
65528337
69329731
69234258
66058837
67084087
60935279
61358656
66296411
67292476
66511789
68831670
68626690
63802533
68885675
62263257
61255738
67247075
65227063
66402996
65312567
61378274
66430942
68712285
60287373
66711455
67627992
60731732
63451237
67303969
66684969
61136221
64275087
61621356
66484819
66718567
62104543
62905911
63393104
62038794
64840049
64408662
67959261
64970338
61697400
60947025
61902232
67869942
61358994
65070886
63471784
65164218
62998997
62093602
61572941
63964446
64558256
66152667
66387487
63339576
62611660
64347960
61831995
67326619
69886424
68479386
68261117
68484547
66769608
61605665
69516026
67294573
60078078
60327615
66854318
63417060
64911902
63760034
69429557
67945482
63361640
67827861
64176064
63736058
63644599
65268042
69543863
62067340
68217804
63679194
66295505
61674704
63855240
64148136
69925400
69847599
66664532
67181796
66631817
69634836
64288864
65358002
69301034
65231460
68588503
60718902
62417470
68732658
64116590
68576006
69731801
65181349
64083973
68550890
60507271
64404201
64949486
69387574
63936571
62705095
67699931
62816804
67647055
61452187
66707065
60275086
61392480
67030068
66987336
61451683
65323898
65151893
69002078
69503737
66977349
61109911
69565621
62047793
61227030
61750511
60397542
